0		-.850651	.525731
0		.850651		.525731
-.235114	0		.380423
0 7 7  1 1

0		.850651		.525731
-.850651	-.525731	0
-.235114	0		.380423
0 7 7  1 1

-.850651	-.525731	0
.525731		0		.850651
-.235114	0		.380423
0 7 7  1 1

.525731		0		.850651
-.850651	.525731		0
-.235114	0		.380423
0 7 7  1 1

-.850651	.525731		0
0		-.850651	.525731
-.235114	0		.380423
0 7 7  1 1

