-0.850651	0.000000	0.525731
0.000000	0.525731	0.850651
-0.000000	-0.235114	0.380423
1 1 1  0 1

0.000000	0.525731	0.850651
0.850651	0.000000	0.525731
-0.000000	-0.235114	0.380423
1 1 1  0 1

0.850651	0.000000	0.525731
0.525731	-0.850651	0.000000
-0.000000	-0.235114	0.380423
1 1 1  0 1

0.525731	-0.850651	0.000000
-0.525731	-0.850651	-0.000000
-0.000000	-0.235114	0.380423
1 1 1  0 1

-0.525731	-0.850651	-0.000000
-0.850651	0.000000	0.525731
-0.000000	-0.235114	0.380423
1 1 1  0 1

